402
220
68
282
159
225
288
71
316
378
114
180
129
261
23
397
104
0
127
178
42
38
200
360
315
52
86
173
416
224
175
401
268
159
120
331
142
119
95
428
256
140
350
334
418
172
238
436
409
20
6
363
265
95
228
238
157
27
303
203
248
378
68
438
66
81
82
75
262
199
365
251
188
285
342
365
253
234
158
180
388
331
344
98
147
122
47
248
231
226
20
254
427
426
206
326
72
137
300
333
151
157
268
303
295
144
8
200
353
172
403
28
164
181
216
360
24
291
382
164
274
312
243
382
258
221
203
389
375
319
287
32
408
144
374
310
46
335
374
407
254
27
86
169
411
370
194
58
314
206
387
367
313
415
315
342
332
431
114
116
410
205
285
331
266
100
307
107
229
440
105
307
219
213
405
398
32
14
190
8
394
229
358
148
189
187
47
350
319
336
71
112
429
157
382
377
368
44
153
22
419
61
362
366
329
258
104
360
186
283
407
341
343
275
84
169
355
391
124
117
32
30
404
206
175
63
9
283
432
48
110
172
1
416
267
127
66
385
335
131
261
161
391
386
143
130
379
380
193
425
372
140
128
429
112
339
3
416
154
421
322
179
398
341
301
32
170
276
381
309
417
398
136
125
418
434
181
402
101
340
321
216
222
231
343
50
103
298
321
25
321
298
184
195
285
40
106
375
90
312
357
124
312
192
185
291
107
214
160
243
137
399
166
238
400
19
114
117
153
184
84
318
245
64
364
32
4
158
283
282
71
258
104
297
176
98
333
120
132
297
68
129
244
274
329
166
88
38
224
341
37
65
125
234
390
392
290
201
284
105
426
145
145
335
136
286
366
431
113
41
245
130
36
346
118
214
18
400
407
79
93
430
431
380
4
123
61
326
294
1
107
104
181
437
309
404
226
45
409
48
437
204
249
183
215
414
31
216
142
364
113
72
107
345
238
31
217
119
180
54
346
256
215
227
191
30
409
22
369
46
235
106
322
405
32
241
337
368
135
307
394
326
18
206
113
42
210
242
249
440
125
224
322
13
45
215
85
30
335
274
0
111
148
185
341
280
353
51
97
358
274
0
138
80
278
190
218
235
147
252
257
204
127
243
237
404
33
360
48
242
66
54
162
198
271
334
176
197
52
180
214
408
171
366
379
85
392
373
373
367
50
240
272
262
344
335
70
404
131
239
375
132
392
403
213
319
100
31
206
163
201
273
426
33
367
375
22
382
29
422
107
74
237
48
374
40
195
124
382
11
227
43
290
197
420
436
417
300
213
432
276
412
35
173
231
393
98
372
235
417
209
83
418
255
280
192
377
257
34
57
251
218
84
394
133
276
312
410
177
403
180
86
44
258
140
247
176
310
240
169
411
99
232
185
56
416
8
355
347
90
439
98
283
6
429
434
117
169
334
402
182
263
150
250
164
305
386
236
364
44
342
394
314
6
188
252
4
118
72
389
78
123
189
28
163
235
156
364
243
85
339
5
58
68
210
196
339
57
46
405
60
436
352
132
387
298
334
9
441
381
377
315
244
286
380
152
360
136
125
310
265
17
227
340
38
146
142
312
382
368
9
154
234
110
214
412
437
155
11
324
123
133
138
266
243
87
246
90
281
379
188
249
230
40
305
15
113
51
46
33
160
228
328
86
376
276
69
158
66
309
316
196
219
262
280
101
287
208
72
364
116
123
334
326
55
73
167
47
357
361
280
27
414
299
255
2
438
371
259
114
131
251
218
272
30
328
214
233
262
408
374
53
81
166
370
296
92
264
73
208
185
439
13
7
50
263
358
223
70
25
174
431
96
197
126
334
266
264
313
299
103
350
304
341
412
38
98
22
41
78
132
352
216
346
120
38
416
208
349
328
94
192
229
365
422
330
231
41
274
319
4
48
121
428
391
83
39
345
162
101
239
353
298
86
28
140
408
113
81
67
44
154
266
48
212
345
414
174
128
279
424
357
297
20
355
233
184
422
248
43
318
234
47
303
251
107
166
192
316
75
316
176
434
2
182
295
168
350
14
282
84
105
109
315
130
122
215
407
407
433
397
48
137
354
288
312
18
242
310
306
109
257
235
397
145
312
26
360
21
145
341
426
211
183
124
305
205
231
228
290
240
273
44
330
215
1
247
226
119
82
167
220
366
340
271
372
181
397
324
46
331
109
54
84
407
350
25
253
417
272
408
10
361
121
39
408
136
330
86
237
272
297
344
168
418
53
83
273
126
93
416
179
31
227
315
223
415
225
211
79
97
282
383
101
406
294
247
118
247
158
